3c1b0000
277b0000
1360fffd
00000000
03600008
00000000
00000000
00000000
00000000
00000000
00000000
00000000
00000000
00000000
00000000
00000000
00000000
00000000
00000000
00000000
00000000
00000000
00000000
00000000
00000000
00000000
00000000
00000000
00000000
00000000
00000000
00000000
3c1b0000
277b0000
1360fffd
00000000
03600008
00000000
00000000
00000000
00000000
00000000
00000000
00000000
00000000
00000000
00000000
00000000
00000000
00000000
00000000
00000000
00000000
00000000
00000000
00000000
00000000
00000000
00000000
00000000
00000000
00000000
00000000
00000000
3c1b0000
277b0000
1360fffd
00000000
03600008
00000000
00000000
00000000
00000000
00000000
00000000
00000000
00000000
00000000
00000000
00000000
00000000
00000000
00000000
00000000
00000000
00000000
00000000
00000000
00000000
00000000
00000000
00000000
00000000
00000000
00000000
00000000
3c1b0000
277b0000
1360fffd
00000000
03600008
00000000
00000000
00000000
00000000
00000000
00000000
00000000
00000000
00000000
00000000
00000000
00000000
00000000
00000000
00000000
00000000
00000000
00000000
00000000
00000000
00000000
00000000
00000000
00000000
00000000
00000000
00000000
00000000
3c1b0000
277b0000
1360003c
00000000
03600008
00000000
00000000
00000000
3c1b0000
277b0000
13600034
00000000
03600008
00000000
00000000
00000000
3c1b0000
277b0000
1360002c
00000000
03600008
00000000
00000000
00000000
3c1b0000
277b0000
13600024
00000000
03600008
00000000
00000000
00000000
3c1b0000
277b0000
1360001c
00000000
03600008
00000000
00000000
00000000
3c1b0000
277b0000
13600014
00000000
03600008
00000000
00000000
00000000
3c1b0000
277b0000
1360000c
00000000
03600008
00000000
00000000
00000000
3c1b0000
277b0000
13600004
00000000
03600008
00000000
00000000
3c1b0000
277b0000
1360fffd
00000000
03600008
00000000
00000000
00000000
00000000
3c05004c
34a54b40
00003020
00a63822
20c60001
1ce0fffd
00000000
00000000
03e00008
00000000
00000000
3c08bf80
20090001
200a0000
200c0001
298d000c
11a0fffb
00000000
218c0001
012a5820
01404820
01605020
ad0a0000
ad0a0010
0c0000c9
00000000
00000000
1000fff3
00000000
00000000
24190018
24020001
0000004c
03e00008
00000000
